01101011
0001010000011010011001
01111101
0010001010100101010100
11010101
0101001000100100101010
01110010
0000001000001010011001
10010001
1000001010000101010101
00110011
0101100001010100100101
01001011
0000001001001001010010
00010100
1000100110000010010110
00010101
1001100001000001100010
11110101
0110100110100000011000
00101110
0110010101000000100101
00010100
1000010100000000000101
00011111
0100100000000000010101
00000010
1001010010100001100110
10111000
0110010100101000001000
10001001
0000001001010010101001
10001100
0001001001100110010100
11110001
1001100100000100011010
00110001
1001100010100101010101
10100100
1000001001100001101010
10000111
1001000001010101101000
01000001
0001100110101010000001
01010010
1000000010100010101000
01001011
0110010000010101011001
11010001
1010101000000110100110
10011011
1001000100000100001000
11010010
0001101000010010011001
11001011
0000010101000101100110
10010110
1000100101000110100001
01100110
0100010110000110100101
01001011
0001100000010110100000
00111101
1010010000010001010010
10111000
1000000101010101010000
11101111
1000001000000100010101
11110111
0101100000101010101001
10110011
0000000001101010010001
11010000
0110000100001010001001
10000001
1001000101011010010100
11010111
0000011010100010101001
11010010
0000010110000000011010
